1221.877
1600.740
610.584
2180.378
1274.284
890.387
615.884
2001.160
256.712
282.421
549.356
1870.545
2084.608
753.267
569.747
436.344
107.328
1000.295
1164.302
417.735
1846.703
146.81
1706.587
1730.412
1954.368
615.418
1487.858
1593.234
1723.297
2309.717
1332.1004
603.741
1133.906
432.205
171.606
2171.235
1019.170
1232.594
224.76
1067.529 
547.251
856.738
542.472
1598.648
210.583
1427.772
1926.796
315.817
1999.559
1136.616
1136.719
1525.227
1842.199 
604.253
1330.180
2069.684
1182.63
1423.423
249.201
1365.336
1740.209
1746.513 
1666.83
462.587
2242.571
1145.423
783.156
1051.653
1817.320
951.851
990.420
1966.700
2142.742
845.124
2112.160
2297.332
462.274
883.197
1456.915
1342.868
697.253